0.0267438
0.0262278
0.0244813
0.11475
0.0974595
0.0168993
0.0522361
0.0424262
0.0390667
0.043736
0.0557575
0.0711958
0.04407
0.0761344
0.0574142
0.0372763
0.0413442
0.0646943
0.0771502
0.0770545
0.0842035
0.0784713
0.0550637
0.037006
0.0292548
0.0289862
0.0344175
0.0456615
0.0691304
0.100069
0.10262
0.0762661
0.0542091
0.0424858
0.0366014
0.0328231
0.0328314
0.0342401
0.038047
0.0448847
0.0547057
0.0669154
0.0817942
0.0967027
0.108357
0.112563
0.108367
0.0989018
0.0878402
0.0776728
0.0693527
0.0628071
0.0573156
0.0532795
0.051965
0.0505982
0.0507335
0.0520711
0.0541663
0.0568959
0.0618505
0.0664739
0.0730714
0.0819748
0.0922991
0.104562
0.119709
0.138094
0.159629
0.183375
0.207217
0.227881
0.241118
0.24394
0.235797
0.219226
0.198144
0.176195
0.155927
0.137994
0.122103
0.108285
0.0972789
0.0890597
0.0817312
0.074869
0.0703263
0.067052
0.0630009
0.0606858
0.0594601
0.0570029
0.0566993
0.0559987
0.0551232
0.0560645
0.0552355
0.0567424
0.0566846
0.0581962
0.0589781
0.0605598
0.0619595
0.0638118
0.0655884
0.0679667
0.0698823
0.0729771
0.0749337
0.0787816
0.0809257
0.0852306
0.0881644
0.0923073
0.09665
0.100357
0.105945
0.110174
0.115754
0.121741
0.126961
0.134091
0.140671
0.147392
0.155755
0.163399
0.171727
0.181522
0.190727
0.200659
0.212046
0.223124
0.234758
0.247977
0.261335
0.274923
0.290026
0.305868
0.321755
0.338742
0.357004
0.375557
0.394603
0.414929
0.436103
0.457498
0.479562
0.502665
0.526231
0.549866
0.573972
0.598698
0.623453
0.647849
0.67218
0.696572
0.720446
0.74324
0.765071
0.786226
0.806378
0.824792
0.841176
0.855865
0.869119
0.880547
0.889406
0.895355
0.898723
0.899991
0.898993
0.894543
0.884849
0.868628
0.84645
0.821486
0.798871
0.783639
0.778218
0.781091
0.787623
0.79262
0.792971
0.788721
0.78215
0.775784
0.77085
0.7671
0.763778
0.760755
0.758936
0.759753
0.764254
0.7725
0.783637
0.796454
0.809975
0.823671
0.837273
0.850416
0.862456
0.872589
0.88018
0.885052
0.887547
0.888318
0.888005
0.886988
0.88534
0.882979
0.879876
0.876208
0.872344
0.868698
0.865548
0.862923
0.86062
0.858329
0.855804
0.852972
0.849951
0.846968
0.844221
0.841776
0.83953
0.837256
0.834708
0.831731
0.828325
0.82464
0.820913
0.817371
0.814147
0.811245
0.808551
0.805895
0.80313
0.800193
0.79713
0.794079
0.79122
0.788711
0.786633
0.78497
0.783617
0.782417
0.781217
0.779913
0.778482
0.776979
0.775519
0.774239
0.77325
0.772611
0.772309
0.772271
0.772382
0.772521
0.772592
0.77255
0.772407
0.772226
0.772103
0.772142
0.772424
0.772996
0.773853
0.774949
0.776206
0.777535
0.778855
0.780111
0.781285
0.782396
0.783494
0.784649
0.785932
0.787403
0.789099
0.791025
0.793158
0.795452
0.797845
0.800273
0.80268
0.805028
0.807302
0.80951
0.811679
0.813849
0.816066
0.818372
0.8208
0.823365
0.826069
0.828892
0.831806
0.83477
0.837744
0.840688
0.843573
0.846378
0.849095
0.851729
0.854294
0.856809
0.8593
0.861788
0.864293
0.866826
0.869393
0.871989
0.874604
0.87722
0.879815
0.882367
0.884853
0.88725
0.889543
0.891716
0.893763
0.89568
0.897466
0.899126
0.900666
0.902093
0.903416
0.904642
0.905777
0.906825
0.90779
0.908672
0.909468
0.910173
0.91078
0.911281
0.911664
0.911918
0.91203
0.911986
0.911774
0.911382
0.910801
0.910023
0.909044
0.907861
0.906479
0.904901
0.903138
0.901202
0.899106
0.896867
0.8945
0.892019
0.889439
0.88677
0.884019
0.881187
0.878274
0.875273
0.872173
0.86896
0.865618
0.862129
0.858473
0.854635
0.8506
0.846356
0.841899
0.837227
0.832346
0.827268
0.82201
0.816593
0.811045
0.805393
0.799666
0.793894
0.788103
0.782315
0.776547
0.770809
0.765105
0.759428
0.753766
0.748098
0.742398
0.736631
0.730763
0.724754
0.718567
0.712166
0.705521
0.698608
0.691414
0.683934
0.676176
0.668164
0.659933
0.651532
0.643024
0.634486
0.626003
0.617673
0.609599
0.60189
0.594656
0.588009
0.582056
0.576898
0.57263
0.569334
0.56708
0.565925
0.565907
0.567051
0.569361
0.572827
0.577421
0.583097
0.589796
0.597444
0.605953
0.615229
0.625165
0.635651
0.646571
0.657807
0.669243
0.680762
0.692254
0.703612
0.714736
0.725536
0.735928
0.745839
0.755207
0.763978
0.772109
0.779567
0.786328
0.792376
0.797705
0.802315
0.806212
0.809408
0.811919
0.813767
0.814972
0.815561
0.815559
0.814993
0.813889
0.812272
0.810168
0.8076
0.804591
0.80116
0.797328
0.793112
0.788529
0.783593
0.778319
0.77272
0.76681
0.760601
0.754105
0.747337
0.740308
0.733033
0.725527
0.717805
0.709883
0.701779
0.693511
0.685098
0.676559
0.667916
0.659189
0.650399
0.641567
0.632714
0.623862
0.615031
0.60624
0.597508
0.588852
0.580289
0.571834
0.5635
0.555299
0.547241
0.539335
0.531586
0.524001
0.516582
0.509332
0.502249
0.495334
0.488584
