0.3
0.549495
0.79899
1.04848
1.29798
1.54747
1.79697
2.04646
2.29596
2.54545
2.79495
3.04444
3.29394
3.54343
3.79293
4.04242
4.29192
4.54141
4.79091
5.0404
5.2899
5.53939
5.78889
6.03838
6.28788
6.53737
6.78687
7.03636
7.28586
7.53535
7.78485
8.03434
8.28384
8.53333
8.78283
9.03232
9.28182
9.53131
9.78081
10.0303
10.2798
10.5293
10.7788
11.0283
11.2778
11.5273
11.7768
12.0263
12.2758
12.5253
12.7747
13.0242
13.2737
13.5232
13.7727
14.0222
14.2717
14.5212
14.7707
15.0202
15.2697
15.5192
15.7687
16.0182
16.2677
16.5172
16.7667
17.0162
17.2657
17.5152
17.7646
18.0141
18.2636
18.5131
18.7626
19.0121
19.2616
19.5111
19.7606
20.0101
20.2596
20.5091
20.7586
21.0081
21.2576
21.5071
21.7566
22.0061
22.2556
22.5051
22.7545
23.004
23.2535
23.503
23.7525
24.002
24.2515
24.501
24.7505
25
