0.3
0.300595
0.301193
0.301793
0.302395
0.303
0.303607
0.304216
0.304828
0.305443
0.30606
0.306679
0.307301
0.307926
0.308553
0.309183
0.309815
0.31045
0.311087
0.311727
0.31237
0.313015
0.313663
0.314314
0.314967
0.315623
0.316282
0.316943
0.317608
0.318275
0.318945
0.319618
0.320293
0.320972
0.321653
0.322338
0.323025
0.323715
0.324408
0.325104
0.325803
0.326505
0.32721
0.327918
0.32863
0.329344
0.330061
0.330782
0.331506
0.332233
0.332963
0.333696
0.334432
0.335172
0.335915
0.336662
0.337411
0.338164
0.338921
0.339681
0.340444
0.341211
0.341981
0.342754
0.343531
0.344312
0.345096
0.345884
0.346675
0.34747
0.348269
0.349071
0.349878
0.350687
0.351501
0.352318
0.353139
0.353964
0.354793
0.355626
0.356463
0.357303
0.358148
0.358996
0.359849
0.360706
0.361566
0.362431
0.3633
0.364173
0.365051
0.365932
0.366818
0.367708
0.368603
0.369502
0.370405
0.371313
0.372225
0.373142
0.374063
0.374989
0.375919
0.376854
0.377794
0.378738
0.379687
0.380641
0.3816
0.382563
0.383531
0.384505
0.385483
0.386466
0.387454
0.388448
0.389446
0.39045
0.391459
0.392472
0.393492
0.394516
0.395546
0.396582
0.397622
0.398668
0.39972
0.400777
0.40184
0.402909
0.403983
0.405063
0.406149
0.407241
0.408338
0.409441
0.410551
0.411666
0.412788
0.413916
0.415049
0.416189
0.417336
0.418488
0.419647
0.420813
0.421985
0.423163
0.424349
0.42554
0.426739
0.427944
0.429156
0.430375
0.431601
0.432834
0.434074
0.435321
0.436576
0.437837
0.439106
0.440382
0.441666
0.442957
0.444256
0.445562
0.446876
0.448198
0.449528
0.450866
0.452211
0.453565
0.454927
0.456297
0.457675
0.459062
0.460457
0.46186
0.463272
0.464693
0.466123
0.467561
0.469008
0.470465
0.47193
0.473405
0.474888
0.476381
0.477884
0.479396
0.480918
0.482449
0.48399
0.485541
0.487102
0.488673
0.490254
0.491845
0.493447
0.495059
0.496682
0.498316
0.49996
0.501615
0.503281
0.504959
0.506647
0.508347
0.510058
0.511781
0.513515
0.515262
0.51702
0.51879
0.520573
0.522367
0.524174
0.525994
0.527826
0.529672
0.53153
0.533401
0.535285
0.537183
0.539094
0.541019
0.542958
0.544911
0.546877
0.548858
0.550854
0.552864
0.554888
0.556928
0.558983
0.561052
0.563138
0.565238
0.567355
0.569487
0.571636
0.573801
0.575982
0.57818
0.580395
0.582626
0.584875
0.587142
0.589426
0.591728
0.594048
0.596386
0.598743
0.601118
0.603512
0.605926
0.608359
0.610811
0.613283
0.615776
0.618288
0.620822
0.623376
0.625951
0.628548
0.631166
0.633806
0.636469
0.639154
0.641861
0.644592
0.647346
0.650123
0.652925
0.655751
0.658601
0.661476
0.664377
0.667303
0.670254
0.673233
0.676237
0.679269
0.682328
0.685414
0.688529
0.691672
0.694844
0.698045
0.701276
0.704537
0.707828
0.71115
0.714504
0.717889
0.721307
0.724757
0.72824
0.731757
0.735309
0.738894
0.742515
0.746172
0.749865
0.753594
0.757361
0.761166
0.765009
0.768891
0.772813
0.776775
0.780777
0.784822
0.788908
0.793037
0.79721
0.801426
0.805688
0.809995
0.814348
0.818749
0.823197
0.827694
0.83224
0.836836
0.841484
0.846183
0.850936
0.855742
0.860602
0.865518
0.870491
0.875521
0.880609
0.885757
0.890965
0.896235
0.901568
0.906965
0.912427
0.917954
0.92355
0.929213
0.934947
0.940752
0.94663
0.952581
0.958608
0.964711
0.970893
0.977154
0.983497
0.989922
0.996432
1.00303
1.00971
1.01649
1.02335
1.03031
1.03736
1.04452
1.05177
1.05912
1.06657
1.07413
1.0818
1.08958
1.09748
1.10548
1.11361
1.12185
1.13022
1.13871
1.14734
1.15609
1.16498
1.17401
1.18317
1.19249
1.20195
1.21156
1.22132
1.23125
1.24133
1.25159
1.26201
1.27261
1.28339
1.29436
1.30551
1.31685
1.3284
1.34015
1.35211
1.36428
1.37668
1.3893
1.40216
1.41525
1.4286
1.4422
1.45606
1.47018
1.48459
1.49928
1.51426
1.52955
1.54515
1.56107
1.57732
1.59391
1.61086
1.62816
1.64585
1.66392
1.6824
1.70129
1.72061
1.74037
1.7606
1.78129
1.80249
1.82419
1.84642
1.86919
1.89254
1.91648
1.94103
1.96622
1.99207
2.01861
2.04586
2.07387
2.10265
2.13224
2.16267
2.19399
2.22622
2.25942
2.29362
2.32887
2.36523
2.40273
2.44145
2.48143
2.52275
2.56546
2.60965
2.65539
2.70275
2.75184
2.80274
2.85556
2.91041
2.96741
3.02669
3.08838
3.15264
3.21963
3.28953
3.36253
3.43885
3.51871
3.60237
3.6901
3.78221
3.87904
3.98096
4.08838
4.20175
4.32159
4.44847
4.58303
4.72598
4.87813
5.0404
5.21385
5.39965
5.59919
5.81404
6.04604
6.29732
6.5704
6.86823
7.19435
7.55298
7.94924
8.38937
8.88111
9.43408
10.0605
10.776
11.6011
12.5629
13.6988
15.0604
16.7225
18.7971
21.4593
25
